image_width: 640
image_height: 480
camera_name: narrow_stereo
camera_matrix:
  rows: 3
  cols: 3
  data: [291.017272, 0.000000, 287.874948, 0.000000, 292.693247, 222.823905, 0.000000, 0.000000, 1.000000]
distortion_model: plumb_bob
distortion_coefficients:
  rows: 1
  cols: 5
  data: [-0.251025, 0.037288, 0.005371, 0.006356, 0.000000]
rectification_matrix:
  rows: 3
  cols: 3
  data: [1.000000, 0.000000, 0.000000, 0.000000, 1.000000, 0.000000, 0.000000, 0.000000, 1.000000]
projection_matrix:
  rows: 3
  cols: 4
  data: [202.306488, 0.000000, 291.419944, 0.000000, 0.000000, 221.675156, 216.747522, 0.000000, 0.000000, 0.000000, 1.000000, 0.000000]
